title:WelkyToubab's List of Infinite Knowing
description: Open your mind and heart to Welkypedia and you will find enlightenment.

// Twilight Oath
//notes:35 zoom and decent perks from a small pool - should be easy, right? WRONG.
dimwishlist:item=3297863558&perks=1840239774,3177308360,47981717,957782887,155624089
dimwishlist:item=3297863558&perks=1392496348,3177308360,47981717,957782887,155624089
dimwishlist:item=3297863558&perks=4090651448,3177308360,47981717,957782887,155624089
dimwishlist:item=3297863558&perks=3661387068,3177308360,47981717,957782887,155624089
dimwishlist:item=3297863558&perks=839105230,3177308360,47981717,957782887,155624089
dimwishlist:item=3297863558&perks=1840239774,3230963543,47981717,957782887,155624089
dimwishlist:item=3297863558&perks=1392496348,3230963543,47981717,957782887,155624089
dimwishlist:item=3297863558&perks=4090651448,3230963543,47981717,957782887,155624089
dimwishlist:item=3297863558&perks=3661387068,3230963543,47981717,957782887,155624089
dimwishlist:item=3297863558&perks=839105230,3230963543,47981717,957782887,155624089
dimwishlist:item=3297863558&perks=1840239774,106909392,47981717,957782887,155624089
dimwishlist:item=3297863558&perks=1392496348,106909392,47981717,957782887,155624089
dimwishlist:item=3297863558&perks=4090651448,106909392,47981717,957782887,155624089
dimwishlist:item=3297863558&perks=3661387068,106909392,47981717,957782887,155624089
dimwishlist:item=3297863558&perks=839105230,106909392,47981717,957782887,155624089
dimwishlist:item=3297863558&perks=1840239774,3177308360,3513791699,957782887,155624089
dimwishlist:item=3297863558&perks=1392496348,3177308360,3513791699,957782887,155624089
dimwishlist:item=3297863558&perks=4090651448,3177308360,3513791699,957782887,155624089
dimwishlist:item=3297863558&perks=3661387068,3177308360,3513791699,957782887,155624089
dimwishlist:item=3297863558&perks=839105230,3177308360,3513791699,957782887,155624089
dimwishlist:item=3297863558&perks=1840239774,3230963543,3513791699,957782887,155624089
dimwishlist:item=3297863558&perks=1392496348,3230963543,3513791699,957782887,155624089
dimwishlist:item=3297863558&perks=4090651448,3230963543,3513791699,957782887,155624089
dimwishlist:item=3297863558&perks=3661387068,3230963543,3513791699,957782887,155624089
dimwishlist:item=3297863558&perks=839105230,3230963543,3513791699,957782887,155624089
dimwishlist:item=3297863558&perks=1840239774,106909392,3513791699,957782887,155624089
dimwishlist:item=3297863558&perks=1392496348,106909392,3513791699,957782887,155624089
dimwishlist:item=3297863558&perks=4090651448,106909392,3513791699,957782887,155624089
dimwishlist:item=3297863558&perks=3661387068,106909392,3513791699,957782887,155624089
dimwishlist:item=3297863558&perks=839105230,106909392,3513791699,957782887,155624089
dimwishlist:item=3297863558&perks=1840239774,3177308360,2866798147,957782887,155624089
dimwishlist:item=3297863558&perks=1392496348,3177308360,2866798147,957782887,155624089
dimwishlist:item=3297863558&perks=4090651448,3177308360,2866798147,957782887,155624089
dimwishlist:item=3297863558&perks=3661387068,3177308360,2866798147,957782887,155624089
dimwishlist:item=3297863558&perks=839105230,3177308360,2866798147,957782887,155624089
dimwishlist:item=3297863558&perks=1840239774,3230963543,2866798147,957782887,155624089
dimwishlist:item=3297863558&perks=1392496348,3230963543,2866798147,957782887,155624089
dimwishlist:item=3297863558&perks=4090651448,3230963543,2866798147,957782887,155624089
dimwishlist:item=3297863558&perks=3661387068,3230963543,2866798147,957782887,155624089
dimwishlist:item=3297863558&perks=839105230,3230963543,2866798147,957782887,155624089
dimwishlist:item=3297863558&perks=1840239774,106909392,2866798147,957782887,155624089
dimwishlist:item=3297863558&perks=1392496348,106909392,2866798147,957782887,155624089
dimwishlist:item=3297863558&perks=4090651448,106909392,2866798147,957782887,155624089
dimwishlist:item=3297863558&perks=3661387068,106909392,2866798147,957782887,155624089
dimwishlist:item=3297863558&perks=839105230,106909392,2866798147,957782887,155624089
dimwishlist:item=3297863558&perks=1840239774,3177308360,3436462433,957782887,155624089
dimwishlist:item=3297863558&perks=1392496348,3177308360,3436462433,957782887,155624089
dimwishlist:item=3297863558&perks=4090651448,3177308360,3436462433,957782887,155624089
dimwishlist:item=3297863558&perks=3661387068,3177308360,3436462433,957782887,155624089
dimwishlist:item=3297863558&perks=839105230,3177308360,3436462433,957782887,155624089
dimwishlist:item=3297863558&perks=1840239774,3230963543,3436462433,957782887,155624089
dimwishlist:item=3297863558&perks=1392496348,3230963543,3436462433,957782887,155624089
dimwishlist:item=3297863558&perks=4090651448,3230963543,3436462433,957782887,155624089
dimwishlist:item=3297863558&perks=3661387068,3230963543,3436462433,957782887,155624089
dimwishlist:item=3297863558&perks=839105230,3230963543,3436462433,957782887,155624089
dimwishlist:item=3297863558&perks=1840239774,106909392,3436462433,957782887,155624089
dimwishlist:item=3297863558&perks=1392496348,106909392,3436462433,957782887,155624089
dimwishlist:item=3297863558&perks=4090651448,106909392,3436462433,957782887,155624089
dimwishlist:item=3297863558&perks=3661387068,106909392,3436462433,957782887,155624089
dimwishlist:item=3297863558&perks=839105230,106909392,3436462433,957782887,155624089
dimwishlist:item=3297863558&perks=1840239774,3177308360,47981717,3511092054,155624089
dimwishlist:item=3297863558&perks=1392496348,3177308360,47981717,3511092054,155624089
dimwishlist:item=3297863558&perks=4090651448,3177308360,47981717,3511092054,155624089
dimwishlist:item=3297863558&perks=3661387068,3177308360,47981717,3511092054,155624089
dimwishlist:item=3297863558&perks=839105230,3177308360,47981717,3511092054,155624089
dimwishlist:item=3297863558&perks=1840239774,3230963543,47981717,3511092054,155624089
dimwishlist:item=3297863558&perks=1392496348,3230963543,47981717,3511092054,155624089
dimwishlist:item=3297863558&perks=4090651448,3230963543,47981717,3511092054,155624089
dimwishlist:item=3297863558&perks=3661387068,3230963543,47981717,3511092054,155624089
dimwishlist:item=3297863558&perks=839105230,3230963543,47981717,3511092054,155624089
dimwishlist:item=3297863558&perks=1840239774,106909392,47981717,3511092054,155624089
dimwishlist:item=3297863558&perks=1392496348,106909392,47981717,3511092054,155624089
dimwishlist:item=3297863558&perks=4090651448,106909392,47981717,3511092054,155624089
dimwishlist:item=3297863558&perks=3661387068,106909392,47981717,3511092054,155624089
dimwishlist:item=3297863558&perks=839105230,106909392,47981717,3511092054,155624089
dimwishlist:item=3297863558&perks=1840239774,3177308360,3513791699,3511092054,155624089
dimwishlist:item=3297863558&perks=1392496348,3177308360,3513791699,3511092054,155624089
dimwishlist:item=3297863558&perks=4090651448,3177308360,3513791699,3511092054,155624089
dimwishlist:item=3297863558&perks=3661387068,3177308360,3513791699,3511092054,155624089
dimwishlist:item=3297863558&perks=839105230,3177308360,3513791699,3511092054,155624089
dimwishlist:item=3297863558&perks=1840239774,3230963543,3513791699,3511092054,155624089
dimwishlist:item=3297863558&perks=1392496348,3230963543,3513791699,3511092054,155624089
dimwishlist:item=3297863558&perks=4090651448,3230963543,3513791699,3511092054,155624089
dimwishlist:item=3297863558&perks=3661387068,3230963543,3513791699,3511092054,155624089
dimwishlist:item=3297863558&perks=839105230,3230963543,3513791699,3511092054,155624089
dimwishlist:item=3297863558&perks=1840239774,106909392,3513791699,3511092054,155624089
dimwishlist:item=3297863558&perks=1392496348,106909392,3513791699,3511092054,155624089
dimwishlist:item=3297863558&perks=4090651448,106909392,3513791699,3511092054,155624089
dimwishlist:item=3297863558&perks=3661387068,106909392,3513791699,3511092054,155624089
dimwishlist:item=3297863558&perks=839105230,106909392,3513791699,3511092054,155624089
dimwishlist:item=3297863558&perks=1840239774,3177308360,2866798147,3511092054,155624089
dimwishlist:item=3297863558&perks=1392496348,3177308360,2866798147,3511092054,155624089
dimwishlist:item=3297863558&perks=4090651448,3177308360,2866798147,3511092054,155624089
dimwishlist:item=3297863558&perks=3661387068,3177308360,2866798147,3511092054,155624089
dimwishlist:item=3297863558&perks=839105230,3177308360,2866798147,3511092054,155624089
dimwishlist:item=3297863558&perks=1840239774,3230963543,2866798147,3511092054,155624089
dimwishlist:item=3297863558&perks=1392496348,3230963543,2866798147,3511092054,155624089
dimwishlist:item=3297863558&perks=4090651448,3230963543,2866798147,3511092054,155624089
dimwishlist:item=3297863558&perks=3661387068,3230963543,2866798147,3511092054,155624089
dimwishlist:item=3297863558&perks=839105230,3230963543,2866798147,3511092054,155624089
dimwishlist:item=3297863558&perks=1840239774,106909392,2866798147,3511092054,155624089
dimwishlist:item=3297863558&perks=1392496348,106909392,2866798147,3511092054,155624089
dimwishlist:item=3297863558&perks=4090651448,106909392,2866798147,3511092054,155624089
dimwishlist:item=3297863558&perks=3661387068,106909392,2866798147,3511092054,155624089
dimwishlist:item=3297863558&perks=839105230,106909392,2866798147,3511092054,155624089
dimwishlist:item=3297863558&perks=1840239774,3177308360,3436462433,3511092054,155624089
dimwishlist:item=3297863558&perks=1392496348,3177308360,3436462433,3511092054,155624089
dimwishlist:item=3297863558&perks=4090651448,3177308360,3436462433,3511092054,155624089
dimwishlist:item=3297863558&perks=3661387068,3177308360,3436462433,3511092054,155624089
dimwishlist:item=3297863558&perks=839105230,3177308360,3436462433,3511092054,155624089
dimwishlist:item=3297863558&perks=1840239774,3230963543,3436462433,3511092054,155624089
dimwishlist:item=3297863558&perks=1392496348,3230963543,3436462433,3511092054,155624089
dimwishlist:item=3297863558&perks=4090651448,3230963543,3436462433,3511092054,155624089
dimwishlist:item=3297863558&perks=3661387068,3230963543,3436462433,3511092054,155624089
dimwishlist:item=3297863558&perks=839105230,3230963543,3436462433,3511092054,155624089
dimwishlist:item=3297863558&perks=1840239774,106909392,3436462433,3511092054,155624089
dimwishlist:item=3297863558&perks=1392496348,106909392,3436462433,3511092054,155624089
dimwishlist:item=3297863558&perks=4090651448,106909392,3436462433,3511092054,155624089
dimwishlist:item=3297863558&perks=3661387068,106909392,3436462433,3511092054,155624089
dimwishlist:item=3297863558&perks=839105230,106909392,3436462433,3511092054,155624089
dimwishlist:item=3297863558&perks=1840239774,3177308360,47981717,957782887,943549884
dimwishlist:item=3297863558&perks=1392496348,3177308360,47981717,957782887,943549884
dimwishlist:item=3297863558&perks=4090651448,3177308360,47981717,957782887,943549884
dimwishlist:item=3297863558&perks=3661387068,3177308360,47981717,957782887,943549884
dimwishlist:item=3297863558&perks=839105230,3177308360,47981717,957782887,943549884
dimwishlist:item=3297863558&perks=1840239774,3230963543,47981717,957782887,943549884
dimwishlist:item=3297863558&perks=1392496348,3230963543,47981717,957782887,943549884
dimwishlist:item=3297863558&perks=4090651448,3230963543,47981717,957782887,943549884
dimwishlist:item=3297863558&perks=3661387068,3230963543,47981717,957782887,943549884
dimwishlist:item=3297863558&perks=839105230,3230963543,47981717,957782887,943549884
dimwishlist:item=3297863558&perks=1840239774,106909392,47981717,957782887,943549884
dimwishlist:item=3297863558&perks=1392496348,106909392,47981717,957782887,943549884
dimwishlist:item=3297863558&perks=4090651448,106909392,47981717,957782887,943549884
dimwishlist:item=3297863558&perks=3661387068,106909392,47981717,957782887,943549884
dimwishlist:item=3297863558&perks=839105230,106909392,47981717,957782887,943549884
dimwishlist:item=3297863558&perks=1840239774,3177308360,3513791699,957782887,943549884
dimwishlist:item=3297863558&perks=1392496348,3177308360,3513791699,957782887,943549884
dimwishlist:item=3297863558&perks=4090651448,3177308360,3513791699,957782887,943549884
dimwishlist:item=3297863558&perks=3661387068,3177308360,3513791699,957782887,943549884
dimwishlist:item=3297863558&perks=839105230,3177308360,3513791699,957782887,943549884
dimwishlist:item=3297863558&perks=1840239774,3230963543,3513791699,957782887,943549884
dimwishlist:item=3297863558&perks=1392496348,3230963543,3513791699,957782887,943549884
dimwishlist:item=3297863558&perks=4090651448,3230963543,3513791699,957782887,943549884
dimwishlist:item=3297863558&perks=3661387068,3230963543,3513791699,957782887,943549884
dimwishlist:item=3297863558&perks=839105230,3230963543,3513791699,957782887,943549884
dimwishlist:item=3297863558&perks=1840239774,106909392,3513791699,957782887,943549884
dimwishlist:item=3297863558&perks=1392496348,106909392,3513791699,957782887,943549884
dimwishlist:item=3297863558&perks=4090651448,106909392,3513791699,957782887,943549884
dimwishlist:item=3297863558&perks=3661387068,106909392,3513791699,957782887,943549884
dimwishlist:item=3297863558&perks=839105230,106909392,3513791699,957782887,943549884
dimwishlist:item=3297863558&perks=1840239774,3177308360,2866798147,957782887,943549884
dimwishlist:item=3297863558&perks=1392496348,3177308360,2866798147,957782887,943549884
dimwishlist:item=3297863558&perks=4090651448,3177308360,2866798147,957782887,943549884
dimwishlist:item=3297863558&perks=3661387068,3177308360,2866798147,957782887,943549884
dimwishlist:item=3297863558&perks=839105230,3177308360,2866798147,957782887,943549884
dimwishlist:item=3297863558&perks=1840239774,3230963543,2866798147,957782887,943549884
dimwishlist:item=3297863558&perks=1392496348,3230963543,2866798147,957782887,943549884
dimwishlist:item=3297863558&perks=4090651448,3230963543,2866798147,957782887,943549884
dimwishlist:item=3297863558&perks=3661387068,3230963543,2866798147,957782887,943549884
dimwishlist:item=3297863558&perks=839105230,3230963543,2866798147,957782887,943549884
dimwishlist:item=3297863558&perks=1840239774,106909392,2866798147,957782887,943549884
dimwishlist:item=3297863558&perks=1392496348,106909392,2866798147,957782887,943549884
dimwishlist:item=3297863558&perks=4090651448,106909392,2866798147,957782887,943549884
dimwishlist:item=3297863558&perks=3661387068,106909392,2866798147,957782887,943549884
dimwishlist:item=3297863558&perks=839105230,106909392,2866798147,957782887,943549884
dimwishlist:item=3297863558&perks=1840239774,3177308360,3436462433,957782887,943549884
dimwishlist:item=3297863558&perks=1392496348,3177308360,3436462433,957782887,943549884
dimwishlist:item=3297863558&perks=4090651448,3177308360,3436462433,957782887,943549884
dimwishlist:item=3297863558&perks=3661387068,3177308360,3436462433,957782887,943549884
dimwishlist:item=3297863558&perks=839105230,3177308360,3436462433,957782887,943549884
dimwishlist:item=3297863558&perks=1840239774,3230963543,3436462433,957782887,943549884
dimwishlist:item=3297863558&perks=1392496348,3230963543,3436462433,957782887,943549884
dimwishlist:item=3297863558&perks=4090651448,3230963543,3436462433,957782887,943549884
dimwishlist:item=3297863558&perks=3661387068,3230963543,3436462433,957782887,943549884
dimwishlist:item=3297863558&perks=839105230,3230963543,3436462433,957782887,943549884
dimwishlist:item=3297863558&perks=1840239774,106909392,3436462433,957782887,943549884
dimwishlist:item=3297863558&perks=1392496348,106909392,3436462433,957782887,943549884
dimwishlist:item=3297863558&perks=4090651448,106909392,3436462433,957782887,943549884
dimwishlist:item=3297863558&perks=3661387068,106909392,3436462433,957782887,943549884
dimwishlist:item=3297863558&perks=839105230,106909392,3436462433,957782887,943549884
dimwishlist:item=3297863558&perks=1840239774,3177308360,47981717,3511092054,943549884
dimwishlist:item=3297863558&perks=1392496348,3177308360,47981717,3511092054,943549884
dimwishlist:item=3297863558&perks=4090651448,3177308360,47981717,3511092054,943549884
dimwishlist:item=3297863558&perks=3661387068,3177308360,47981717,3511092054,943549884
dimwishlist:item=3297863558&perks=839105230,3177308360,47981717,3511092054,943549884
dimwishlist:item=3297863558&perks=1840239774,3230963543,47981717,3511092054,943549884
dimwishlist:item=3297863558&perks=1392496348,3230963543,47981717,3511092054,943549884
dimwishlist:item=3297863558&perks=4090651448,3230963543,47981717,3511092054,943549884
dimwishlist:item=3297863558&perks=3661387068,3230963543,47981717,3511092054,943549884
dimwishlist:item=3297863558&perks=839105230,3230963543,47981717,3511092054,943549884
dimwishlist:item=3297863558&perks=1840239774,106909392,47981717,3511092054,943549884
dimwishlist:item=3297863558&perks=1392496348,106909392,47981717,3511092054,943549884
dimwishlist:item=3297863558&perks=4090651448,106909392,47981717,3511092054,943549884
dimwishlist:item=3297863558&perks=3661387068,106909392,47981717,3511092054,943549884
dimwishlist:item=3297863558&perks=839105230,106909392,47981717,3511092054,943549884
dimwishlist:item=3297863558&perks=1840239774,3177308360,3513791699,3511092054,943549884
dimwishlist:item=3297863558&perks=1392496348,3177308360,3513791699,3511092054,943549884
dimwishlist:item=3297863558&perks=4090651448,3177308360,3513791699,3511092054,943549884
dimwishlist:item=3297863558&perks=3661387068,3177308360,3513791699,3511092054,943549884
dimwishlist:item=3297863558&perks=839105230,3177308360,3513791699,3511092054,943549884
dimwishlist:item=3297863558&perks=1840239774,3230963543,3513791699,3511092054,943549884
dimwishlist:item=3297863558&perks=1392496348,3230963543,3513791699,3511092054,943549884
dimwishlist:item=3297863558&perks=4090651448,3230963543,3513791699,3511092054,943549884
dimwishlist:item=3297863558&perks=3661387068,3230963543,3513791699,3511092054,943549884
dimwishlist:item=3297863558&perks=839105230,3230963543,3513791699,3511092054,943549884
dimwishlist:item=3297863558&perks=1840239774,106909392,3513791699,3511092054,943549884
dimwishlist:item=3297863558&perks=1392496348,106909392,3513791699,3511092054,943549884
dimwishlist:item=3297863558&perks=4090651448,106909392,3513791699,3511092054,943549884
dimwishlist:item=3297863558&perks=3661387068,106909392,3513791699,3511092054,943549884
dimwishlist:item=3297863558&perks=839105230,106909392,3513791699,3511092054,943549884
dimwishlist:item=3297863558&perks=1840239774,3177308360,2866798147,3511092054,943549884
dimwishlist:item=3297863558&perks=1392496348,3177308360,2866798147,3511092054,943549884
dimwishlist:item=3297863558&perks=4090651448,3177308360,2866798147,3511092054,943549884
dimwishlist:item=3297863558&perks=3661387068,3177308360,2866798147,3511092054,943549884
dimwishlist:item=3297863558&perks=839105230,3177308360,2866798147,3511092054,943549884
dimwishlist:item=3297863558&perks=1840239774,3230963543,2866798147,3511092054,943549884
dimwishlist:item=3297863558&perks=1392496348,3230963543,2866798147,3511092054,943549884
dimwishlist:item=3297863558&perks=4090651448,3230963543,2866798147,3511092054,943549884
dimwishlist:item=3297863558&perks=3661387068,3230963543,2866798147,3511092054,943549884
dimwishlist:item=3297863558&perks=839105230,3230963543,2866798147,3511092054,943549884
dimwishlist:item=3297863558&perks=1840239774,106909392,2866798147,3511092054,943549884
dimwishlist:item=3297863558&perks=1392496348,106909392,2866798147,3511092054,943549884
dimwishlist:item=3297863558&perks=4090651448,106909392,2866798147,3511092054,943549884
dimwishlist:item=3297863558&perks=3661387068,106909392,2866798147,3511092054,943549884
dimwishlist:item=3297863558&perks=839105230,106909392,2866798147,3511092054,943549884
dimwishlist:item=3297863558&perks=1840239774,3177308360,3436462433,3511092054,943549884
dimwishlist:item=3297863558&perks=1392496348,3177308360,3436462433,3511092054,943549884
dimwishlist:item=3297863558&perks=4090651448,3177308360,3436462433,3511092054,943549884
dimwishlist:item=3297863558&perks=3661387068,3177308360,3436462433,3511092054,943549884
dimwishlist:item=3297863558&perks=839105230,3177308360,3436462433,3511092054,943549884
dimwishlist:item=3297863558&perks=1840239774,3230963543,3436462433,3511092054,943549884
dimwishlist:item=3297863558&perks=1392496348,3230963543,3436462433,3511092054,943549884
dimwishlist:item=3297863558&perks=4090651448,3230963543,3436462433,3511092054,943549884
dimwishlist:item=3297863558&perks=3661387068,3230963543,3436462433,3511092054,943549884
dimwishlist:item=3297863558&perks=839105230,3230963543,3436462433,3511092054,943549884
dimwishlist:item=3297863558&perks=1840239774,106909392,3436462433,3511092054,943549884
dimwishlist:item=3297863558&perks=1392496348,106909392,3436462433,3511092054,943549884
dimwishlist:item=3297863558&perks=4090651448,106909392,3436462433,3511092054,943549884
dimwishlist:item=3297863558&perks=3661387068,106909392,3436462433,3511092054,943549884
dimwishlist:item=3297863558&perks=839105230,106909392,3436462433,3511092054,943549884
